Решение филиппинского кроссворда

Данные на вход:
Размеры кроссворда в формате количество строк, пробел, количество столбцов.
Числа в клетках кроссворда

Данные на выход:
Строка solvable/unsolvable
Рисунок решения


Примеры:

15 15
2 0 3 0 3 0 3 0 5 0 0 3 0 3 3 
2 0 0 0 0 3 4 4 0 5 0 0 1 0 0 
0 0 0 1 0 0 0 0 0 1 0 1 0 0 3 
4 4 0 0 1 0 0 2 2 0 4 0 0 4 0 
3 0 3 0 0 1 0 1 0 0 0 6 0 0 4 
5 0 0 0 5 0 0 0 1 0 2 0 1 0 0 
0 0 4 0 0 4 0 0 0 0 2 0 0 0 0 
8 0 0 1 0 0 0 0 0 6 0 3 0 0 4 
0 7 0 0 0 0 0 0 0 0 0 0 0 0 0 
0 0 3 0 0 0 0 0 0 0 0 3 0 7 0 
0 0 0 0 0 0 0 0 0 0 0 0 0 1 7 
0 0 3 0 0 3 0 3 0 0 0 0 0 0 0 
0 0 0 0 1 0 0 0 7 0 4 4 0 0 6 
0 0 0 2 0 7 0 0 0 0 0 0 0 0 6 
8 7 0 2 0 0 0 4 4 0 0 8 0 0 8

(example1.txt)

Результат

Solvable
█ █████ █  ████
█    ██████ █ █
   █  ██ █ █  █
███ █  ██ ████ 
███  █ █ ███  █
█████   ███ █ █
  ████   ██   █
█  █     █ █  █
██         ████
███        ████
███          ██
███  ███     ██
██  █████ █████
██ ███    █████
██ █   ████████

- Это пегас


15 20
0 0 0 0 0 2 2 0 0 0 18 0 0 2 2 0 0 0 0 0
0 0 0 0 1 0 0 2 2 0 5 0 1 0 0 1 0 0 0 0 
0 0 0 0 0 1 0 0 2 0 0 0 0 0 1 0 0 0 0 0 
0 0 0 0 0 0 0 0 2 0 5 1 0 0 0 0 0 0 0 0
0 6 0 0 0 0 6 0 0 0 5 0 0 6 0 0 0 0 6 0
5 0 0 0 0 0 0 2 2 0 0 2 2 0 0 0 0 0 0 5
0 0 3 1 3 0 0 0 0 0 0 0 0 0 0 3 1 3 0 0
0 0 0 0 0 0 0 1 0 0 0 0 1 0 0 0 0 0 0 0
0 0 3 1 3 0 1 0 1 0 5 1 0 1 0 3 1 3 0 0
5 1 0 0 0 0 0 1 0 0 0 0 1 0 0 0 0 0 1 5
0 0 1 0 0 0 0 0 2 2 0 1 0 0 0 0 0 1 0 0
0 1 0 1 0 0 0 1 0 0 0 0 1 0 0 0 1 0 1 0
3 0 1 0 1 0 1 0 0 0 3 0 0 1 0 1 0 1 0 3
0 0 0 2 0 1 0 0 0 0 0 0 0 0 1 0 2 0 0 0 
3 2 2 2 1 0 0 0 0 18 3 0 0 0 0 1 2 2 2 3

(example2.txt)

Результат


Solvable
     ██  ██  ██     
    █  ██████  █    
     █  ████  █     
        ████        
 ██████  ██  ██████ 
█      ██████      █
█ ███    ██    ███ █
█ █ █  █ ██ █  █ █ █
█ ███ █ ████ █ ███ █
██     █ ██ █     ██
  █     ████     █  
 █ █   █ ██ █   █ █ 
█ █ █ █  ██  █ █ █ █
█  █ █   ██   █ █  █
█████    ██    █████



(Компилировать лучше через g++
g++ main.cpp -O2 -std=c++11 -o pc
- быстрее работает)